Results from the numerical calculation of the cantilever motion

Input

Parameter	value in SI units
L	0.0002
H	1e-005
w	5e-005
zeta	0.2
psi	0
k	2.5
mT	5e-012
mL	5e-011
eta	10000
k1	100
k2	85
g1	0
g2	0
d1	1e-012
d2	0
f0	0
VACxDV	0
u0	0
epsilon_r	1
LaserPosition	1
Df	10000
TE	0

fStart	250000
fStop	300000
fStep	1000
AdjustDf	0
AdjustQAir	0
AdjustQContact	0
Precision	1e-007
IntegrationSteps	10000

AdjustParametersFromExperiment	1
ResonanceCurve	1
ContactStiffnessVariation	5
LeverShape	1

Input_Experimental

Parameter	value in SI units
ffree1	50000
Qfree1	100
ffree2	335000
Qfree2	350
fcr	270000
Qcr	50
csr	0.85
Min_k1	1
Max_k1	10000

Adjusted parameters

Parameter	value in SI units
mT	9.34129e-012
mL	6.63322e-011
eta	3136.46
k1	260.44
k2	221.374
g1	1.43827e-005
g2	1.22253e-005

Amplitude and phase as a function of frequency

f	A	phi
216000	1.40574e-008	-3.12341
217000	1.4532e-008	-3.12191
218000	1.50256e-008	-3.12037
219000	1.55393e-008	-3.11881
220000	1.60742e-008	-3.11721
221000	1.66317e-008	-3.11558
222000	1.72132e-008	-3.1139
223000	1.78202e-008	-3.11218
224000	1.84544e-008	-3.11042
225000	1.91176e-008	-3.10861
226000	1.98118e-008	-3.10674
227000	2.05392e-008	-3.10481
228000	2.13021e-008	-3.10282
229000	2.21032e-008	-3.10076
230000	2.29453e-008	-3.09863
231000	2.38316e-008	-3.09641
232000	2.47656e-008	-3.09411
233000	2.57511e-008	-3.09171
234000	2.67925e-008	-3.0892
235000	2.78946e-008	-3.08658
236000	2.90626e-008	-3.08384
237000	3.03026e-008	-3.08096
238000	3.16214e-008	-3.07793
239000	3.30266e-008	-3.07473
240000	3.45267e-008	-3.07135
241000	3.61316e-008	-3.06777
242000	3.78525e-008	-3.06397
243000	3.97023e-008	-3.05992
244000	4.16956e-008	-3.05558
245000	4.38496e-008	-3.05094
246000	4.61844e-008	-3.04595
247000	4.87232e-008	-3.04056
248000	5.14936e-008	-3.03471
249000	5.45282e-008	-3.02835
250000	5.78662e-008	-3.0214
251000	6.15546e-008	-3.01376
252000	6.56507e-008	-3.00531
253000	7.02245e-008	-2.99593
254000	7.53632e-008	-2.98542
255000	8.11759e-008	-2.97358
256000	8.78011e-008	-2.96012
257000	9.5417e-008	-2.94467
258000	1.04256e-007	-2.92676
259000	1.14628e-007	-2.90574
260000	1.2695e-007	-2.88072
261000	1.41796e-007	-2.85046
262000	1.59972e-007	-2.81315
263000	1.82626e-007	-2.76612
264000	2.11405e-007	-2.70525
265000	2.48646e-007	-2.62405
266000	2.97386e-007	-2.51202
267000	3.60314e-007	-2.35253
268000	4.34631e-007	-2.12291
269000	4.98954e-007	-1.80856
270000	5.12232e-007	-1.44282
271000	4.65279e-007	-1.10923
272000	3.95721e-007	-0.858145
273000	3.32251e-007	-0.682917
274000	2.81853e-007	-0.560557
275000	2.43066e-007	-0.472637
276000	2.13067e-007	-0.407292
277000	1.89492e-007	-0.357172
278000	1.70621e-007	-0.317664
279000	1.55245e-007	-0.285789
280000	1.42514e-007	-0.259558
281000	1.31822e-007	-0.237605
282000	1.22728e-007	-0.218964
283000	1.14907e-007	-0.202937
284000	1.08115e-007	-0.189004
285000	1.02165e-007	-0.176776
286000	9.6912e-008	-0.165952
287000	9.22425e-008	-0.156297
288000	8.80657e-008	-0.147627
289000	8.43086e-008	-0.139792
290000	8.09119e-008	-0.132673
291000	7.78269e-008	-0.126172
292000	7.50131e-008	-0.120206
293000	7.24367e-008	-0.114708
294000	7.00693e-008	-0.109622
295000	6.78869e-008	-0.104899
296000	6.58689e-008	-0.100499
297000	6.39977e-008	-0.0963856
298000	6.22582e-008	-0.0925295
299000	6.0637e-008	-0.0889044
300000	5.91228e-008	-0.0854874
301000	5.77055e-008	-0.0822587
302000	5.63763e-008	-0.0792007
303000	5.51274e-008	-0.0762982
304000	5.39518e-008	-0.0735373
305000	5.28435e-008	-0.070906
306000	5.1797e-008	-0.0683935
307000	5.08073e-008	-0.0659901
308000	4.98702e-008	-0.0636871
309000	4.89816e-008	-0.0614767
310000	4.8138e-008	-0.0593519
311000	4.73362e-008	-0.0573063
312000	4.65733e-008	-0.0553341
313000	4.58465e-008	-0.0534301
314000	4.51535e-008	-0.0515895
315000	4.44921e-008	-0.0498079
316000	4.38602e-008	-0.0480813
317000	4.32561e-008	-0.046406
318000	4.26779e-008	-0.0447787
319000	4.21242e-008	-0.0431963
320000	4.15935e-008	-0.0416558
321000	4.10845e-008	-0.0401547
322000	4.05959e-008	-0.0386905
323000	4.01267e-008	-0.037261
324000	3.96757e-008	-0.0358639

DHO Parameters and sensitivities

k1	k2	g1	g2	A_drive	phi_drive	f0_DHO	Q_DHO	Sensd1(pm/pm)	Sensd2(pm/pm)	Sensf0(pm/nN)	Sensq(pm/V^2)	Sensu0(pm/pm)
161.713	137.456	6.9314e-006	5.89169e-006	9.251e-009	-3.10924	256057	50	1.20888	0.211042	7.45254	2.35862	1.14885
177.884	151.201	8.11465e-006	6.89745e-006	9.52865e-009	-3.11031	259146	50	1.24516	0.257832	6.97536	2.35497	1.19915
195.672	166.321	9.45344e-006	8.03543e-006	9.77229e-009	-3.11143	262061	50	1.277	0.311601	6.50041	2.34242	1.24299
215.24	182.954	1.09482e-005	9.30597e-006	9.98696e-009	-3.11264	264826	50	1.30505	0.371434	6.03647	2.32236	1.2805
236.763	201.249	1.25944e-005	1.07052e-005	1.01773e-008	-3.11392	267465	50	1.32992	0.436714	5.58972	2.29597	1.31192
260.44	221.374	1.43827e-005	1.22253e-005	1.03473e-008	-3.11527	270000	50	1.35214	0.506975	5.16424	2.26422	1.33753
286.484	243.511	1.63e-005	1.3855e-005	1.05005e-008	-3.11668	272453	50	1.37216	0.581818	4.76241	2.22788	1.35766
315.132	267.862	1.83308e-005	1.55812e-005	1.06396e-008	-3.11812	274844	50	1.39033	0.660872	4.38536	2.18757	1.37263
346.645	294.649	2.04591e-005	1.73902e-005	1.07666e-008	-3.11958	277194	50	1.40693	0.743765	4.03325	2.14378	1.38278
381.31	324.113	2.26704e-005	1.92699e-005	1.0883e-008	-3.12103	279519	50	1.42215	0.830099	3.70558	2.09689	1.3884
419.441	356.525	2.49539e-005	2.12108e-005	1.09898e-008	-3.12244	281837	50	1.43609	0.919435	3.40139	2.0472	1.38981

Lever shape at the resonance frequency

x	Az0	phiz0	Az1	phiz1	Shape
0	0	-0	0	-0	-0
2e-006	3.3476e-014	1.68852	3.32583e-008	1.68851	3.32443e-014
4e-006	1.32163e-013	1.68851	6.52109e-008	1.68849	1.31248e-013
6e-006	2.93449e-013	1.68849	9.58578e-008	1.68847	2.91419e-013
8e-006	5.14724e-013	1.68848	1.25199e-007	1.68845	5.11164e-013
1e-005	7.93377e-013	1.68846	1.53236e-007	1.68843	7.8789e-013
1.2e-005	1.1268e-012	1.68845	1.79968e-007	1.6884	1.11901e-012
1.4e-005	1.51238e-012	1.68844	2.05398e-007	1.68838	1.50193e-012
1.6e-005	1.94752e-012	1.68842	2.29525e-007	1.68835	1.93406e-012
1.8e-005	2.42962e-012	1.6884	2.52353e-007	1.68833	2.41283e-012
2e-005	2.95607e-012	1.68839	2.73884e-007	1.6883	2.93565e-012
2.2e-005	3.52429e-012	1.68837	2.94121e-007	1.68827	3.49996e-012
2.4e-005	4.13169e-012	1.68835	3.13068e-007	1.68824	4.10318e-012
2.6e-005	4.7757e-012	1.68834	3.30729e-007	1.68821	4.74275e-012
2.8e-005	5.45376e-012	1.68832	3.47109e-007	1.68817	5.41614e-012
3e-005	6.16329e-012	1.6883	3.62214e-007	1.68814	6.12079e-012
3.2e-005	6.90176e-012	1.68828	3.7605e-007	1.6881	6.85419e-012
3.4e-005	7.66665e-012	1.68826	3.88626e-007	1.68806	7.61382e-012
3.6e-005	8.45543e-012	1.68824	3.99949e-007	1.68802	8.39719e-012
3.8e-005	9.26562e-012	1.68822	4.1003e-007	1.68797	9.20182e-012
4e-005	1.00947e-011	1.6882	4.18877e-007	1.68793	1.00252e-011
4.2e-005	1.09403e-011	1.68817	4.26502e-007	1.68788	1.0865e-011
4.4e-005	1.17999e-011	1.68815	4.32917e-007	1.68783	1.17188e-011
4.6e-005	1.26712e-011	1.68813	4.38135e-007	1.68777	1.25841e-011
4.8e-005	1.35517e-011	1.6881	4.4217e-007	1.68771	1.34585e-011
5e-005	1.44391e-011	1.68808	4.45037e-007	1.68765	1.43399e-011
5.2e-005	1.53311e-011	1.68805	4.46753e-007	1.68759	1.52258e-011
5.4e-005	1.62253e-011	1.68802	4.47333e-007	1.68752	1.6114e-011
5.6e-005	1.71197e-011	1.68799	4.46797e-007	1.68744	1.70022e-011
5.8e-005	1.80118e-011	1.68796	4.45163e-007	1.68736	1.78883e-011
6e-005	1.88996e-011	1.68793	4.42452e-007	1.68728	1.87701e-011
6.2e-005	1.97809e-011	1.6879	4.38684e-007	1.68718	1.96454e-011
6.4e-005	2.06536e-011	1.68787	4.33882e-007	1.68708	2.05123e-011
6.6e-005	2.15158e-011	1.68784	4.28069e-007	1.68698	2.13686e-011
6.8e-005	2.23653e-011	1.6878	4.21269e-007	1.68686	2.22123e-011
7e-005	2.32002e-011	1.68777	4.13508e-007	1.68673	2.30417e-011
7.2e-005	2.40187e-011	1.68773	4.0481e-007	1.6866	2.38546e-011
7.4e-005	2.48188e-011	1.68769	3.95204e-007	1.68645	2.46495e-011
7.6e-005	2.55989e-011	1.68765	3.84717e-007	1.68628	2.54243e-011
7.8e-005	2.63571e-011	1.68761	3.73379e-007	1.6861	2.61775e-011
8e-005	2.70919e-011	1.68756	3.61218e-007	1.6859	2.69074e-011
8.2e-005	2.78015e-011	1.68752	3.48266e-007	1.68568	2.76123e-011
8.4e-005	2.84844e-011	1.68747	3.34554e-007	1.68543	2.82907e-011
8.6e-005	2.91392e-011	1.68742	3.20114e-007	1.68515	2.89412e-011
8.8e-005	2.97644e-011	1.68737	3.04979e-007	1.68483	2.95624e-011
9e-005	3.03587e-011	1.68732	2.89184e-007	1.68447	3.01528e-011
9.2e-005	3.09207e-011	1.68726	2.72762e-007	1.68406	3.07112e-011
9.4e-005	3.14493e-011	1.6872	2.55748e-007	1.68358	3.12365e-011
9.6e-005	3.19433e-011	1.68714	2.38179e-007	1.68302	3.17274e-011
9.8e-005	3.24017e-011	1.68708	2.2009e-007	1.68235	3.21828e-011
0.0001	3.28233e-011	1.68702	2.01519e-007	1.68154	3.26019e-011
0.000102	3.32074e-011	1.68695	1.82502e-007	1.68054	3.29837e-011
0.000104	3.35531e-011	1.68688	1.63079e-007	1.67929	3.33273e-011
0.000106	3.38595e-011	1.6868	1.43286e-007	1.67767	3.36319e-011
0.000108	3.4126e-011	1.68672	1.23164e-007	1.6755	3.38969e-011
0.00011	3.43519e-011	1.68664	1.0275e-007	1.67242	3.41217e-011
0.000112	3.45368e-011	1.68655	8.20857e-008	1.66775	3.43056e-011
0.000114	3.46801e-011	1.68646	6.12114e-008	1.65982	3.44483e-011
0.000116	3.47814e-011	1.68636	4.01717e-008	1.6435	3.45494e-011
0.000118	3.48405e-011	1.68626	1.90333e-008	1.59065	3.46085e-011
0.00012	3.48571e-011	1.68615	3.02211e-009	-0.768005	3.46255e-011
0.000122	3.48311e-011	1.68604	2.3758e-008	-1.37027	3.46001e-011
0.000124	3.47624e-011	1.68592	4.5072e-008	-1.40828	3.45323e-011
0.000126	3.46511e-011	1.68579	6.63834e-008	-1.42185	3.44222e-011
0.000128	3.44971e-011	1.68566	8.76354e-008	-1.42881	3.42698e-011
0.00013	3.43007e-011	1.68552	1.08785e-007	-1.43302	3.40752e-011
0.000132	3.40622e-011	1.68537	1.29791e-007	-1.43584	3.38389e-011
0.000134	3.37818e-011	1.68521	1.50614e-007	-1.43785	3.35609e-011
0.000136	3.346e-011	1.68504	1.71214e-007	-1.43935	3.32419e-011
0.000138	3.30972e-011	1.68486	1.91554e-007	-1.4405	3.28821e-011
0.00014	3.26941e-011	1.68466	2.11594e-007	-1.44142	3.24823e-011
0.000142	3.22512e-011	1.68445	2.31298e-007	-1.44215	3.20431e-011
0.000144	3.17692e-011	1.68423	2.50628e-007	-1.44275	3.1565e-011
0.000146	3.1249e-011	1.68399	2.69547e-007	-1.44325	3.1049e-011
0.000148	3.06914e-011	1.68373	2.88019e-007	-1.44366	3.04959e-011
0.00015	3.00974e-011	1.68346	3.06008e-007	-1.44401	2.99066e-011
0.000152	2.94679e-011	1.68316	3.23481e-007	-1.44429	2.9282e-011
0.000154	2.8804e-011	1.68284	3.40402e-007	-1.44453	2.86234e-011
0.000156	2.81068e-011	1.68249	3.56738e-007	-1.44473	2.79317e-011
0.000158	2.73776e-011	1.68211	3.72458e-007	-1.4449	2.72081e-011
0.00016	2.66175e-011	1.68169	3.87528e-007	-1.44503	2.64541e-011
0.000162	2.58281e-011	1.68124	4.01918e-007	-1.44513	2.56707e-011
0.000164	2.50105e-011	1.68074	4.15598e-007	-1.44521	2.48595e-011
0.000166	2.41664e-011	1.6802	4.28538e-007	-1.44526	2.40219e-011
0.000168	2.32971e-011	1.6796	4.40712e-007	-1.4453	2.31594e-011
0.00017	2.24043e-011	1.67893	4.52091e-007	-1.44531	2.22735e-011
0.000172	2.14896e-011	1.67819	4.62649e-007	-1.4453	2.13658e-011
0.000174	2.05546e-011	1.67737	4.72362e-007	-1.44527	2.0438e-011
0.000176	1.9601e-011	1.67644	4.81205e-007	-1.44522	1.94918e-011
0.000178	1.86307e-011	1.6754	4.89155e-007	-1.44515	1.85289e-011
0.00018	1.76455e-011	1.67422	4.9619e-007	-1.44506	1.75512e-011
0.000182	1.66471e-011	1.67288	5.02289e-007	-1.44494	1.65604e-011
0.000184	1.56375e-011	1.67134	5.07434e-007	-1.44481	1.55585e-011
0.000186	1.46187e-011	1.66957	5.11605e-007	-1.44466	1.45474e-011
0.000188	1.35925e-011	1.66749	5.14784e-007	-1.44448	1.3529e-011
0.00019	1.25611e-011	1.66505	5.16957e-007	-1.44428	1.25054e-011
0.000192	1.15265e-011	1.66214	5.18108e-007	-1.44405	1.14784e-011
0.000194	1.04907e-011	1.65864	5.18223e-007	-1.44379	1.04502e-011
0.000196	9.45589e-012	1.65433	5.17289e-007	-1.4435	9.42292e-012
0.000198	8.42425e-012	1.64895	5.15296e-007	-1.44318	8.39853e-012
0.0002	7.39798e-012	1.64206	5.12232e-007	-1.44282	7.3792e-012
